43
469
336
502
171
726
480
360
964
466
707
147
283
829
963
493
997
944
829
438
393
606
904
155
294
384
423
718
720
897
449
728
773
540
871
914
669
301
37
896
705
813
324
335
675
666
143
713
255
870
549
646
664
759
39
861
725
743
531
780
318
37
192
844
290
108
42
944
266
650
448
807
892
731
372
352
8
103
395
550
631
625
86
956
758
842
968
378
933
310
946
441
628
325
539
540
120
84
931
543
835
117
641
660
706
932
979
308
675
388
23
747
926
74
272
831
779
575
99
514
988
292
163
638
357
769
657
576
33
54
352
152
943
726
968
432
109
193
9
339
459
289
755
385
947
911
211
760
223
590
424
948
508
32
415
170
902
593
764
657
412
361
626
539
550
485
597
43
604
352
293
838
376
22
598
23
350
201
670
486
283
736
55
1001
420
940
902
790
129
469
730
895
650
485
809
423
312
619
815
516
311
618
937
453
602
251
521
558
800
305
226
10
846
611
991
704
197
487
95
345
525
589
316
505
450
202
460
620
582
798
800
283
591
800
11
159
474
624
540
294
40
181
192
659
960
193
817
890
158
513
204
636
274
57
330
648
364
888
877
435
871
144
846
418
883
1000
324
653
23
701
559
478
894
391
77
714
602
512
3
871
863
690
403
791
257
425
2
587
184
287
90
428
619
759
834
934
171
156
723
191
978
331
370
694
427
557
436
551
443
514
147
62
720
755
141
425
281
998
689
531
551
439
868
951
195
197
299
418
288
107
490
284
457
736
116
703
318
673
788
265
315
357
187
55
914
810
834
947
315
758
323
560
648
984
483
146
198
224
131
163
537
452
175
468
46
661
294
441
255
26
156
512
747
651
188
315
476
24
170
20
789
907
960
393
204
627
479
416
316
826
336
876
374
161
835
72
489
299
520
179
775
272
765
670
194
987
104
482
215
629
804
101
529
627
545
926
25
974
63
183
3
434
507
595
727
33
494
144
224
288
66
902
189
362
415
976
272
172
237
835
713
762
898
669
287
552
142
696
697
626
21
127
578
696
660
304
373
468
680
595
853
486
20
466
121
154
802
89
62
928
12
759
172
317
578
229
45
760
166
111
884
88
567
489
579
476
627
629
631
930
425
522
904
964
125
598
739
263
197
527
266
262
204
118
32
328
13
773
413
549
155
522
792
926
190
765
942
853
664
831
902
715
960
580
367
9
479
202
60
441
305
762
359
326
479
110
115
889
803
852
462
430
995
386
407
542
113
706
837
358
74
352
825
487
558
218
628
359
528
359
339
273
871
363
898
24
619
114
719
698
587
43
425
131
231
567
561
934
298
857
55
964
586
736
656
974
459
371
534
965
609
485
913
637
69
850
677
940
225
144
756
513
743
177
461
827
223
872
628
936
207
785
852
400
281
703
195
736
639
536
558
995
178
707
964
550
883
302
415
643
857
857
144
464
613
879
426
680
754
445
298
675
42
315
877
74
820
612
19
934
114
697
171
833
42
490
687
92
499
591
992
147
355
316
653
742
46
260
337
761
194
607
266
183
505
831
777
610
294
999
551
558
563
629
469
543
131
242
815
176
603
79
217
685
215
994
826
603
394
761
672
430
29
86
77
788
500
972
289
849
606
505
223
665
708
365
12
173
491
242
166
544
621
915
593
706
820
234
752
207
977
541
305
424
100
249
586
650
973
866
915
77
547
714
548
680
771
264
521
987
291
946
867
542
247
510
320
872
603
325
134
474
154
89
572
765
903
105
425
529
602
971
17
567
30
545
349
90
945
639
411
465
51
683
590
344
610
62
223
760
956
890
148
692
951
845
432
622
750
69
538
785
37
228
187
40
855
631
226
750
925
361
259
768
946
957
320
728
413
27
357
1
551
498
586
517
966
344
77
915
144
198
950
74
428
608
175
431
406
707
628
814
377
95
567
38
738
143
816
996
258
654
938
840
484
357
17
133
232
843
627
13
639
188
692
652
664
636
895
355
418
454
10
264
235
456
305
636
305
258
150
126
319
215
111
30
202
82
320
860
52
157
363
266
905
678
645
911
904
563
491
950
284
655
676
222
404
925
833
371
880
261
10
621
973
3
947
783
506
394
687
315
700
591
724
940
39
412
463
236
510
963
961
495
517
271
939
871
60
702
973
266
119
217
557
817
332
41
214
290
84
956
87
712
486
776
382
817
953
543
117
681
112
900
75
790
979
134
958
691
115
10
943
792
725
365
30
186
780
202
73
887
976
73
335
869
155
297
170
827
678
631
652
600
311
695
688
82
118
251
669
